Case #1:
0
4
7
12
13
17
20
21
27
30
31
45
60
62
67
68
73
80
81
87
95
96
100
104
112
113
115
116
117
118
123
124
125
126
129
140
142
143
151
154
160
162
166
169
171
185
190
199
208
213
233
234
236
237
238
240
245
248
249
254
259
260
267
269
271
276
278
279
280
282
285
290
297
299
301
306
311
312
315
319
320
322
323
334
340
343
344
345
349
350
356
359
363
367
368
369
374
375
378
381
385
388
390
393
394
396
403
405
406
407
408
411
412
414
415
417
419
420
421
422
425
426
430
432
435
436
437
439
441
442
445
446
449
452
455
459
460
461
464
466
472
473
474
476
480
487
488
490
491
497
500
501
503
508
514
526
528
534
539
543
544
545
546
549
553
554
555
556
560
561
564
568
570
571
576
580
583
585
586
587
591
599
600
603
605
607
609
611
613
618
619
621
626
629
633
639
641
642
650
652
653
656
659
664
672
674
677
679
681
682
684
686
687
689
693
694
695
696
700
703
704
706
707
710
711
716
717
720
721
722
723
732
740
741
742
748
749
750
753
756
759
761
763
766
770
772
787
795
798
802
807
812
813
826
830
836
837
851
857
864
866
868
871
872
880
881
885
887
891
894
897
900
906
907
909
912
913
916
917
919
925
928
931
937
939
945
955
956
963
968
970
971
984
988
993
995
996
1003
1005
1007
1012
1013
1019
1025
1026
1041
1045
1046
1048
1052
1058
1059
1061
1062
1065
1067
1068
1070
1071
1072
1078
1079
1080
1081
1083
1087
1088
1089
1091
1096
1098
1101
1103
1105
1107
1110
1112
1121
1125
1126
1130
1131
1132
1134
1139
1144
1145
1148
1149
1150
1152
1154
1157
1162
1165
1167
1169
1170
1171
1173
1174
1180
1181
1183
1184
1188
1192
1194
1197
1198
1200
1203
1204
1205
1207
1214
1216
1217
1222
1227
1229
1233
1237
1244
1246
1248
1256
1259
1261
1262
1263
1269
1272
1273
1277
1300
1301
1302
1304
1309
1311
1318
1327
1329
1330
1331
1334
1338
1340
1342
1347
1349
1352
1354
1355
1356
1359
1360
1362
1371
1376
1377
1378
1380
1382
1384
1389
1393
1394
1395
1398
1402
1404
1406
1408
1409
1419
1420
1422
1425
1428
1430
1433
1435
1439
1441
1442
1446
1453
1454
1461
1462
1463
1470
1476
1478
1480
1482
1484
1494
1498
1504
1505
1507
1509
1510
1511
1519
1523
1525
1528
1530
1535
1540
1545
1547
1552
1553
1554
1557
1558
1560
1564
1566
1568
1570
1571
1573
1574
1576
1586
1587
1588
1590
1595
1596
1597
1598
1600
1601
1607
1609
1612
1614
1621
1622
1625
1628
1629
1632
1634
1638
1642
1643
1647
1648
1650
1651
1666
1668
1670
1672
1676
1677
1678
1680
1683
1684
1686
1689
1690
1691
1692
1695
1699
1703
1705
1706
1707
1709
1712
1717
1720
1721
1722
1723
1725
1728
1729
1730
1735
1736
1737
1738
1748
1749
1753
1755
1757
1759
1765
1771
1774
1777
1780
1786
1796
1797
1804
1810
1812
1813
1817
1820
1822
1824
1826
1827
1829
1831
1833
1834
1835
1836
1839
1840
1841
1842
1846
1848
1850
1854
1856
1857
1858
1859
1860
1862
1863
1864
1865
1866
1867
1868
1869
1871
1872
1880
1883
1885
1886
1887
1888
1890
1895
1896
1900
1902
1907
1908
1909
1910
1911
1912
1914
1916
1917
1918
1919
1920
1921
1924
1928
1929
1931
1932
1934
1939
1942
1945
1948
1949
1950
1957
1960
1962
1969
1976
1982
1984
1987
1988
1990
1998
1999
2002
2005
2006
2008
2010
2016
2021
2023
2024
2025
2028
2030
2031
2033
2035
2038
2042
2045
2047
2048
2049
2050
2052
2054
2057
2059
2061
2065
2068
2069
2074
2077
2078
2086
2088
2089
2090
2094
2097
2100
2104
2107
2108
2114
2121
2124
2127
2132
2133
2135
2137
2139
2141
2142
2148
2149
2153
2154
2164
2166
2167
2169
2171
2172
2173
2175
2176
2177
2179
2183
2184
2187
2189
2191
2199
2200
2202
2205
2208
2209
2213
2216
2217
2223
2224
2226
2230
2233
2234
2235
2237
2238
2240
2241
2243
2245
2249
2250
2251
2256
2257
2258
2265
2266
2268
2270
2271
2272
2273
2274
2275
2276
2277
2280
2281
2282
2283
2284
2286
2287
2288
2291
2292
2297
2298
2301
2304
2306
2307
2308
2312
2315
2316
2318
2319
2320
2325
2327
2329
2335
2336
2339
2341
2342
2343
2344
2345
2347
2349
2353
2354
2356
2357
2361
2362
2363
2365
2367
2373
2374
2376
2378
2380
2382
2389
2392
2393
2394
2399
2403
2404
2405
2408
2410
2411
2412
2413
2415
2421
2422
2423
2424
2426
2432
2439
2445
2452
2453
2455
2456
2457
2461
2462
2463
2466
2468
2470
2477
2481
2485
2487
2488
2490
2492
2493
2494
2495
2496
2498
2500
2504
2505
2507
2508
2509
2510
2516
2522
2525
2528
2529
2530
2531
2532
2541
2543
2548
2552
2558
2561
2564
2565
2566
2570
2576
2577
2578
2579
2582
2584
2585
2587
2588
2589
2594
2595
2598
2601
2602
2603
2616
2620
2622
2628
2633
2634
2635
2636
2642
2644
2645
2649
2652
2654
2658
2659
2660
2662
2665
2667
2674
2677
2681
2683
2686
2687
2688
2690
2692
2693
2696
2697
2699
2704
2714
2718
2719
2720
2725
2726
2727
2732
2733
2737
2738
2739
2740
2743
2748
2759
2765
2768
2772
2774
2776
2777
2778
2779
2787
2788
2789
2790
2791
2794
2799
2803
2817
2821
2838
2839
2842
2844
2845
2847
2851
2853
2854
2856
2859
2863
2865
2868
2875
2877
2881
2882
2886
2889
2893
2897
2898
2901
2903
2905
2906
2911
2918
2919
2920
2922
2924
2925
2926
2928
2929
2930
2932
2935
2936
2937
2942
2943
2944
2946
2947
2948
2949
2951
2953
2954
2955
2964
2966
2967
2970
2971
2972
2977
2981
2983
2989
2994
2995
3000
3005
3011
3012
3014
3015
3022
3033
3034
3040
3044
3045
3046
3048
3050
3053
3058
3059
3065
3067
3068
3071
3073
3078
3079
3081
3082
3083
3086
3087
3088
3090
3097
3098
3100
3101
3103
3107
3110
3111
3112
3113
3115
3117
3118
3125
3126
3129
3131
3137
3138
3142
3143
3144
3148
3149
3151
3152
3154
3155
3158
3159
3160
3164
3167
3170
3172
3175
3180
3181
3182
3183
3189
3190
3193
3196
3197
3201
3202
3204
3206
3210
3213
3214
3218
3220
3221
3225
3227
3234
3237
3239
3244
3246
3250
3254
3257
3261
3271
3273
3274
3275
3276
3278
3280
3283
3284
3285
3286
3292
3294
3296
3298
3299
3302
3305
3307
3319
3321
3322
3324
3333
3334
3338
3339
3340
3345
3346
3347
3348
3357
3358
3360
3361
3363
3364
3365
3367
3368
3384
3390
3393
3397
3399
3402
3403
3405
3406
3409
3412
3414
3416
3418
3421
3426
3427
3430
3432
3441
3442
3443
3445
3446
3450
3451
3454
3456
3460
3461
3464
3466
3468
3469
3474
3477
3479
3480
3485
3489
3495
3497
3500
3501
3503
3506
3509
3510
3512
3514
3515
3518
3519
3523
3527
3533
3544
3545
3546
3558
3560
3561
3562
3563
3564
3565
3571
3580
3585
3597
3601
3605
3606
3610
3619
3622
3623
3626
3628
3630
3632
3633
3636
3639
3642
3645
3646
3648
3650
3656
3657
3658
3659
3661
3664
3665
3667
3668
3669
3672
3673
3675
3680
3682
3684
3685
3691
3692
3694
3696
3698
3702
3703
3705
3710
3711
3715
3718
3720
3723
3724
3726
3727
3729
3734
3742
3745
3746
3747
3748
3751
3753
3757
3759
3760
3765
3766
3767
3770
3774
3775
3776
3782
3783
3791
3795
3798
3799
3803
3807
3809
3815
3817
3818
3821
3824
3825
3828
3829
3831
3834
3837
3838
3843
3845
3847
3849
3850
3851
3859
3861
3864
3865
3869
3871
3872
3873
3874
3877
3878
3881
3883
3885
3887
3889
3890
3891
3893
3899
3900
3902
3903
3909
3915
3916
3919
3921
3922
3928
3935
3937
3938
3939
3941
3943
3945
3946
3950
3957
3958
3960
3962
3965
3968
3969
3970
3973
3975
3977
3979
3983
3986
3987
3990
3997
3998
3999
4000
4001
4004
4005
4006
4007
4009
4011
4014
4015
4016
4017
4018
4019
4021
4022
4024
4027
4028
4032
4033
4037
4038
4039
4040
4041
4044
4045
4047
4048
4049
4051
4052
4055
4057
4059
4060
4064
4067
4075
4076
4080
4086
4087
4089
4095
4100
4102
4103
4104
4106
4111
4116
4117
4123
4128
4131
4134
4147
4150
4153
4167
4169
4172
4174
4176
4181
4189
4191
4193
4197
4199
4200
4217
4222
4223
4230
4237
4241
4243
4248
4251
4253
4270
4272
4274
4275
4277
4280
4281
4284
4294
4297
4299
4304
4308
4309
4311
4315
4316
4318
4320
4326
4329
4330
4331
4333
4335
4340
4341
4345
4347
4352
4354
4358
4359
4362
4364
4367
4369
4370
4371
4382
4383
4384
4386
4387
4388
4390
4391
4394
4398
4401
4405
4408
4409
4410
4415
4419
4420
4424
4426
4436
4451
4455
4456
4459
4465
4471
4475
4476
4477
4480
4482
4483
4485
4487
4488
4489
4490
4491
4492
4496
4497
4502
4507
4508
4509
4511
4513
4514
4517
4518
4520
4522
4524
4530
4533
4536
4538
4539
4543
4544
4545
4546
4551
4554
4557
4558
4561
4563
4568
4570
4574
4576
4580
4581
4585
4586
4588
4591
4595
4597
4602
4607
4609
4611
4613
4614
4615
4617
4624
4628
4634
4641
4644
4646
4647
4650
4651
4652
4654
4663
4665
4670
4671
4672
4674
4679
4680
4687
4689
4692
4693
4697
4698
4699
4700
4701
4708
4710
4716
4718
4725
4726
4728
4730
4737
4746
4750
4755
4756
4762
4763
4764
4768
4769
4772
4773
4774
4788
4789
4797
4798
4799
4810
4812
4818
4819
4827
4831
4833
4840
4845
4846
4848
4854
4856
4858
4859
4860
4862
4864
4868
4870
4875
4879
4881
4882
4884
4885
4889
4891
4892
4893
4897
4901
4906
4912
4914
4915
4923
4925
4929
4930
4931
4932
4935
4942
4945
4950
4954
4958
4959
4963
4969
4970
4972
4973
4981
4982
4984
4991
4992
4995
4998
4999
5004
5005
5008
5010
5011
5014
5015
5022
5027
5028
5029
5031
5035
5040
5043
5044
5047
5048
5049
Case #2:
0
1
2
3
4
5
6
7
8
10
11
12
14
15
16
18
19
20
21
26
34
35
36
41
42
44
46
47
48
49
50
51
57
58
59
61
66
68
72
75
78
79
81
86
87
88
90
99
100
101
102
111
113
114
119
122
125
136
137
143
145
146
149
151
153
154
158
164
169
174
175
176
180
181
182
187
188
191
195
196
199
201
202
204
206
212
217
219
224
233
234
237
244
249
250
252
253
260
265
266
268
275
279
280
284
292
297
305
306
309
315
324
328
331
338
339
350
353
355
362
365
366
373
379
381
384
386
388
390
394
395
398
401
403
405
406
408
410
411
413
421
422
423
425
429
436
437
438
442
445
447
448
449
450
455
458
461
462
463
467
470
472
473
477
480
481
483
484
486
490
493
494
495
499
502
506
513
518
519
522
524
526
527
528
539
540
541
542
545
546
547
549
550
562
563
564
565
568
569
570
575
585
586
587
588
589
592
593
594
605
607
608
609
610
612
614
617
620
623
631
640
642
643
644
645
658
661
665
667
675
679
692
697
700
703
705
708
718
720
722
730
732
746
754
756
762
763
768
770
772
773
775
777
780
782
788
795
799
802
809
815
819
820
828
829
832
835
836
841
842
845
848
850
853
856
857
858
860
861
863
864
865
866
872
877
878
879
883
886
894
896
899
903
909
910
912
914
917
921
925
926
927
928
931
932
934
943
944
945
946
950
954
955
956
959
960
961
963
968
972
973
981
982
995
996
1000
1001
1003
1004
1011
1015
1016
1022
1024
1027
1030
1033
1036
1042
1044
1045
1049
1050
1052
1053
1055
1057
1059
1064
1065
1069
1071
1078
1080
1081
1082
1089
1094
1098
1099
1102
1106
1113
1114
1115
1118
1124
1129
1131
1133
1134
1137
1140
1145
1147
1149
1150
1151
1152
1156
1161
1163
1165
1168
1169
1173
1176
1182
1183
1186
1187
1189
1193
1200
1203
1206
1207
1209
1211
1212
1216
1219
1222
1223
1225
1227
1229
1230
1234
1240
1243
1244
1245
1247
1250
1251
1252
1253
1254
1255
1256
1257
1259
1263
1265
1266
1268
1270
1273
1277
1279
1282
1286
1290
1291
1293
1294
1299
1300
1303
1308
1309
1310
1313
1318
1321
1322
1324
1325
1329
1334
1338
1339
1343
1347
1353
1358
1362
1363
1364
1365
1367
1372
1373
1374
1376
1377
1380
1382
1386
1389
1390
1391
1394
1395
1396
1397
1398
1399
1403
1408
1409
1417
1419
1421
1423
1424
1425
1428
1440
1444
1447
1448
1453
1455
1457
1459
1460
1461
1463
1464
1469
1472
1475
1479
1480
1481
1482
1485
1487
1491
1492
1493
1494
1495
1496
1499
1500
1505
1509
1510
1515
1517
1529
1535
1539
1541
1543
1548
1550
1551
1558
1562
1563
1564
1574
1582
1585
1589
1593
1595
1598
1599
1603
1605
1611
1612
1613
1622
1625
1628
1630
1631
1633
1634
1643
1646
1647
1649
1650
1652
1654
1655
1663
1666
1671
1673
1674
1678
1682
1686
1687
1689
1690
1692
1693
1698
1699
1705
1709
1711
1712
1715
1718
1719
1720
1721
1722
1723
1724
1728
1729
1730
1732
1737
1739
1745
1746
1748
1749
1751
1752
1753
1756
1761
1768
1770
1771
1775
1779
1781
1782
1795
1799
1803
1804
1805
1807
1810
1812
1814
1820
1823
1824
1825
1827
1828
1832
1833
1835
1839
1843
1846
1848
1850
1851
1852
1853
1854
1860
1865
1866
1868
1871
1876
1878
1880
1882
1890
1892
1893
1895
1896
1900
1901
1903
1904
1906
1911
1912
1914
1915
1916
1922
1923
1925
1930
1931
1934
1936
1940
1944
1948
1949
1951
1952
1953
1955
1956
1961
1962
1963
1966
1967
1968
1969
1970
1975
1976
1980
1985
1986
1989
1990
1997
2004
2006
2008
2009
2010
2016
2023
2027
2028
2029
2033
2034
2035
2037
2041
2043
2047
2050
2051
2052
2054
2058
2059
2069
2072
2077
2078
2084
2086
2087
2090
2095
2099
2103
2104
2107
2109
2113
2116
2118
2121
2123
2124
2133
2140
2141
2160
2176
2178
2179
2182
2183
2190
2192
2198
2200
2203
2204
2205
2211
2212
2213
2215
2216
2217
2219
2220
2221
2228
2231
2238
2239
2241
2243
2246
2247
2248
2250
2251
2256
2258
2260
2265
2267
2274
2275
2280
2282
2287
2289
2302
2313
2314
2328
2331
2333
2336
2343
2346
2348
2349
2353
2355
2362
2363
2367
2368
2369
2370
2373
2374
2377
2383
2384
2387
2392
2407
2408
2411
2414
2415
2416
2419
2422
2424
2427
2429
2430
2435
2436
2437
2440
2446
2449
2450
2451
2454
2456
2457
2459
2461
2462
2466
2470
2471
2478
2480
2482
2483
2486
2489
2490
2491
2494
2498
2499
2501
2505
2506
2509
2514
2518
2520
2522
2525
2527
2531
2536
2537
2541
2546
2552
2560
2562
2563
2565
2569
2573
2575
2577
2580
2582
2583
2584
2585
2587
2592
2593
2595
2597
2600
2603
2604
2605
2606
2611
2616
2618
2620
2621
2622
2623
2631
2635
2637
2647
2651
2652
2653
2655
2657
2660
2664
2668
2669
2679
2682
2683
2685
2690
2699
2702
2703
2704
2705
2706
2707
2712
2713
2718
2719
2723
2724
2732
2734
2737
2743
2744
2749
2754
2755
2759
2763
2764
2767
2769
2771
2772
2773
2776
2777
2781
2784
2788
2789
2790
2791
2792
2793
2794
2795
2796
2799
2804
2808
2812
2813
2814
2817
2818
2831
2832
2834
2837
2839
2840
2842
2846
2849
2853
2855
2860
2864
2865
2866
2870
2871
2874
2879
2880
2884
2886
2890
2892
2893
2897
2898
2899
2901
2904
2905
2906
2907
2910
2911
2912
2913
2916
2918
2920
2921
2924
2926
2928
2934
2938
2944
2948
2949
2954
2955
2962
2964
2965
2967
2968
2969
2970
2973
2974
2980
2982
2983
2985
2989
2993
2994
2995
2997
2998
2999
3000
3001
3003
3004
3010
3018
3019
3021
3023
3027
3028
3029
3030
3032
3034
3035
3040
3042
3043
3045
3049
3052
3060
3061
3063
3067
3074
3079
3090
3091
3097
3102
3103
3106
3114
3119
3121
3127
3129
3134
3136
3137
3138
3140
3145
3146
3150
3154
3155
3158
3159
3160
3162
3164
3166
3169
3171
3172
3178
3180
3183
3184
3187
3188
3192
3195
3196
3197
3198
3199
3201
3206
3207
3211
3212
3215
3218
3220
3221
3222
3223
3226
3232
3233
3234
3237
3239
3241
3244
3251
3252
3254
3258
3262
3264
3268
3269
3272
3273
3274
3276
3279
3280
3281
3282
3284
3286
3290
3292
3293
3294
3295
3296
3299
3304
3307
3309
3314
3315
3317
3321
3322
3324
3332
3333
3336
3337
3338
3339
3341
3342
3343
3344
3347
3348
3349
3352
3363
3365
3366
3367
3369
3373
3375
3377
3379
3383
3384
3385
3387
3388
3397
3401
3402
3403
3405
3406
3412
3417
3419
3420
3423
3434
3435
3441
3443
3444
3447
3454
3457
3460
3463
3465
3466
3470
3471
3474
3485
3488
3491
3493
3494
3496
3497
3500
3507
3510
3516
3517
3520
3522
3524
3539
3540
3544
3551
3553
3554
3562
3564
3565
3569
3570
3571
3574
3579
3583
3584
3585
3588
3594
3595
3598
3600
3603
3609
3613
3618
3619
3623
3625
3627
3628
3630
3631
3637
3642
3645
3649
3651
3656
3660
3661
3666
3669
3671
3672
3678
3680
3681
3688
3689
3695
3699
3701
3702
3705
3707
3709
3713
3714
3721
3722
3724
3725
3726
3732
3735
3740
3741
3747
3750
3754
3755
3756
3759
3763
3775
3781
3785
3787
3788
3796
3804
3805
3808
3809
3812
3815
3817
3819
3824
3825
3827
3835
3839
3840
3841
3843
3844
3847
3856
3858
3860
3861
3863
3866
3868
3869
3871
3874
3879
3880
3882
3884
3888
3893
3897
3899
3901
3903
3914
3916
3919
3921
3922
3927
3929
3934
3947
3948
3950
3953
3961
3969
3974
3978
3985
3992
4005
4008
4015
4018
4028
4031
4033
4040
4047
4049
4054
4055
4058
4059
4060
4064
4066
4069
4072
4076
4080
4081
4085
4086
4088
4089
4095
4096
4097
4099
4103
4104
4107
4112
4113
4126
4128
4131
4134
4136
4137
4138
4141
4143
4145
4146
4147
4149
4152
4156
4157
4160
4166
4168
4169
4172
4174
4175
4176
4183
4186
4187
4188
4189
4194
4211
4220
4230
4231
4232
4237
4239
4240
4242
4243
4244
4246
4252
4254
4258
4262
4263
4265
4266
4267
4269
4270
4271
4274
4282
4284
4287
4290
4295
4296
4300
4303
4309
4312
4315
4316
4319
4329
4330
4332
4334
4335
4338
4342
4343
4346
4347
4349
4353
4355
4359
4360
4362
4363
4365
4367
4373
4375
4379
4382
4383
4384
4392
4394
4399
4401
4406
4411
4415
4420
4423
4424
4427
4429
4430
4433
4434
4435
4436
4437
4438
4441
4445
4446
4449
4450
4453
4454
4455
4462
4463
4464
4465
4470
4471
4472
4475
4479
4480
4482
4489
4490
4492
4493
4498
4505
4516
4517
4521
4522
4523
4524
4525
4527
4529
4530
4531
4533
4535
4536
4540
4542
4544
4546
4547
4552
4553
4554
4563
4564
4569
4574
4575
4581
4585
4586
4591
4595
4596
4598
4600
4605
4609
4612
4615
4616
4620
4623
4624
4625
4629
4630
4633
4634
4637
4640
4644
4651
4652
4653
4655
4656
4663
4666
4671
4672
4678
4686
4690
4696
4699
4706
4709
4710
4711
4725
4730
4734
4736
4737
4743
4744
4749
4750
4751
4752
4757
4761
4762
4773
4774
4779
4782
4786
4788
4789
4791
4794
4797
4798
4799
4805
4807
4808
4809
4813
4816
4819
4820
4821
4823
4827
4828
4829
4835
4838
4840
4842
4845
4849
4851
4855
4857
4859
4860
4863
4865
4866
4869
4871
4874
4875
4876
4877
4878
4879
4880
4883
4884
4885
4889
4891
4894
4895
4897
4899
4901
4903
4904
4905
4907
4908
4909
4914
4916
4921
4923
4929
4930
4931
4932
4935
4945
4947
4949
4953
4957
4958
4959
4962
4967
4971
4972
4973
4978
4980
4982
4984
4986
4993
4994
4995
4996
4998
5005
5006
5007
5008
5014
5015
5016
5020
5021
5022
5029
5033
5034
5035
5036
5039
5040
5043
5044
5045
5047
5048
5049
Case #3:
0
12
17
24
41
45
54
62
67
68
75
79
81
84
98
100
105
106
108
112
113
114
115
117
118
120
121
123
127
133
137
143
144
148
149
150
156
157
161
162
163
166
167
174
175
180
181
184
185
193
194
198
199
200
202
203
204
205
210
211
212
215
222
225
227
228
230
231
233
237
245
247
251
252
255
266
267
268
269
272
273
274
289
291
292
295
296
297
299
302
303
305
313
315
316
319
323
324
325
326
329
331
342
343
348
349
350
356
358
360
363
367
368
370
374
384
389
393
394
396
400
402
403
407
408
417
419
420
426
427
428
429
432
441
443
446
456
457
460
464
465
466
467
469
473
476
479
480
485
487
488
490
492
494
501
510
513
517
527
530
532
536
537
542
543
544
547
560
562
569
573
574
577
578
580
585
586
590
591
594
602
603
604
607
611
613
618
620
621
628
629
630
634
641
642
645
647
649
651
656
659
665
670
679
682
684
688
692
694
695
696
698
702
703
707
712
713
724
725
727
728
733
734
739
748
751
753
762
765
768
771
772
773
781
783
784
785
789
790
791
793
796
798
799
800
802
803
806
808
809
811
816
819
822
823
824
825
830
832
833
835
836
837
838
841
845
846
850
855
857
858
859
863
864
865
875
883
885
896
902
906
910
912
913
919
925
928
934
940
942
948
950
955
959
980
987
996
1003
1007
1014
1015
1021
1024
1026
1028
1036
1039
1045
1054
1056
1058
1060
1065
1069
1075
1076
1078
1085
1086
1089
1090
1092
1094
1096
1101
1104
1106
1108
1113
1119
1124
1126
1133
1134
1138
1139
1141
1144
1146
1151
1161
1163
1167
1173
1175
1176
1181
1184
1185
1189
1195
1197
1198
1199
1204
1207
1208
1213
1217
1218
1221
1222
1225
1226
1229
1230
1231
1232
1238
1247
1250
1251
1260
1261
1266
1268
1271
1284
1286
1291
1293
1298
1300
1303
1304
1309
1314
1317
1318
1319
1320
1326
1327
1329
1334
1335
1338
1340
1342
1343
1344
1345
1349
1351
1355
1359
1360
1363
1364
1365
1373
1375
1376
1379
1380
1382
1389
1391
1395
1396
1406
1412
1419
1421
1429
1436
1437
1439
1450
1451
1466
1468
1477
1480
1482
1484
1487
1490
1492
1496
1501
1503
1506
1507
1512
1513
1514
1515
1516
1517
1519
1521
1524
1526
1528
1535
1536
1539
1542
1543
1546
1548
1552
1555
1557
1563
1564
1565
1570
1571
1575
1576
1580
1581
1582
1589
1590
1595
1601
1604
1609
1612
1618
1624
1625
1627
1628
1647
1653
1658
1675
1678
1681
1689
1692
1697
1705
1706
1709
1718
1719
1720
1729
1730
1734
1736
1738
1740
1742
1746
1749
1751
1760
1762
1763
1765
1767
1768
1770
1771
1772
1777
1780
1783
1785
1787
1788
1789
1794
1796
1797
1799
1800
1801
1803
1804
1805
1808
1809
1810
1811
1814
1815
1817
1818
1820
1822
1828
1829
1830
1836
1839
1840
1842
1846
1848
1851
1852
1856
1859
1861
1862
1865
1866
1867
1868
1872
1873
1881
1882
1883
1884
1885
1888
1890
1898
1899
1900
1901
1911
1915
1930
1942
1949
1955
1960
1961
1962
1963
1964
1967
1969
1974
1996
2014
2017
2019
2024
2028
2031
2041
2043
2047
2050
2052
2053
2060
2062
2077
2078
2079
2084
2088
2100
2101
2110
2114
2115
2120
2124
2127
2129
2132
2133
2136
2138
2139
2149
2153
2156
2158
2160
2161
2165
2169
2175
2178
2184
2186
2191
2200
2202
2203
2207
2209
2214
2216
2217
2220
2222
2223
2224
2225
2227
2230
2236
2239
2240
2243
2250
2253
2255
2260
2266
2270
2272
2274
2275
2276
2281
2285
2287
2290
2297
2298
2302
2304
2311
2317
2318
2319
2324
2326
2328
2333
2334
2335
2339
2344
2346
2349
2351
2357
2362
2364
2371
2377
2379
2380
2382
2384
2386
2392
2394
2397
2403
2404
2406
2411
2417
2419
2420
2422
2424
2425
2426
2427
2429
2434
2438
2440
2443
2444
2446
2449
2451
2452
2453
2456
2457
2458
2464
2466
2468
2471
2478
2480
2484
2488
2489
2492
2494
2495
2501
2502
2504
2505
2506
2507
2511
2512
2514
2518
2519
2520
2524
2526
2528
2529
2530
2531
2532
2533
2538
2539
2541
2546
2547
2549
2550
2555
2557
2558
2560
2562
2563
2564
2565
2567
2568
2570
2572
2573
2574
2578
2579
2583
2584
2587
2589
2590
2591
2594
2596
2598
2604
2605
2608
2610
2613
2614
2616
2619
2622
2626
2627
2629
2630
2634
2635
2636
2637
2640
2645
2652
2653
2654
2656
2657
2658
2662
2663
2666
2674
2675
2679
2683
2686
2687
2688
2693
2694
2695
2699
2700
2704
2706
2708
2710
2712
2714
2716
2717
2719
2722
2725
2728
2729
2730
2733
2737
2738
2739
2741
2746
2747
2749
2752
2758
2759
2764
2765
2766
2768
2769
2770
2772
2774
2779
2780
2782
2783
2786
2800
2811
2815
2817
2823
2826
2838
2839
2842
2843
2852
2854
2863
2865
2873
2875
2876
2877
2885
2889
2896
2902
2905
2910
2914
2917
2918
2920
2925
2928
2933
2935
2942
2945
2946
2950
2952
2954
2957
2963
2964
2966
2967
2969
2970
2975
2977
2978
2985
2994
2995
2997
3009
3010
3021
3026
3028
3032
3033
3034
3036
3040
3041
3042
3047
3048
3050
3051
3052
3055
3059
3061
3067
3084
3094
3097
3100
3101
3103
3105
3106
3110
3119
3121
3122
3125
3127
3129
3131
3132
3135
3139
3140
3141
3146
3148
3151
3153
3156
3157
3159
3162
3165
3167
3168
3171
3174
3176
3177
3178
3179
3182
3187
3189
3190
3192
3194
3196
3200
3202
3207
3209
3215
3218
3220
3227
3232
3236
3244
3251
3256
3258
3260
3261
3275
3280
3289
3294
3297
3298
3299
3306
3311
3318
3320
3325
3328
3329
3330
3332
3334
3335
3336
3339
3357
3366
3368
3370
3371
3373
3375
3376
3381
3383
3386
3387
3390
3394
3397
3403
3406
3412
3418
3431
3444
3448
3454
3464
3465
3468
3470
3487
3491
3492
3503
3504
3510
3514
3516
3517
3520
3523
3529
3533
3544
3546
3551
3559
3560
3563
3565
3576
3578
3581
3598
3601
3603
3606
3613
3614
3615
3618
3619
3621
3622
3624
3626
3629
3635
3636
3638
3647
3648
3649
3652
3653
3654
3656
3662
3664
3669
3672
3675
3676
3677
3679
3680
3681
3682
3683
3686
3688
3696
3697
3699
3701
3703
3708
3714
3718
3719
3721
3724
3725
3729
3732
3734
3737
3739
3740
3742
3747
3751
3752
3754
3755
3760
3761
3762
3766
3767
3768
3770
3771
3772
3774
3775
3778
3780
3781
3783
3785
3791
3792
3793
3795
3801
3802
3803
3805
3806
3807
3811
3813
3814
3816
3819
3822
3825
3829
3831
3835
3836
3838
3840
3843
3847
3850
3853
3855
3858
3859
3864
3865
3867
3872
3874
3875
3879
3880
3885
3889
3895
3898
3901
3907
3910
3913
3916
3920
3921
3922
3923
3927
3928
3930
3931
3933
3934
3943
3951
3958
3965
3969
3972
3974
3975
3976
3977
3978
3983
3984
3986
3988
3991
3996
3999
4001
4003
4004
4008
4009
4012
4013
4015
4016
4017
4019
4027
4032
4035
4036
4038
4042
4043
4044
4049
4050
4055
4058
4060
4064
4068
4069
4072
4081
4084
4091
4095
4104
4110
4116
4120
4123
4125
4128
4133
4134
4137
4140
4141
4145
4147
4149
4150
4153
4154
4162
4168
4173
4176
4179
4180
4189
4190
4192
4197
4200
4207
4214
4216
4221
4223
4226
4230
4232
4235
4236
4238
4239
4240
4246
4247
4249
4250
4252
4256
4259
4265
4270
4279
4281
4283
4286
4290
4291
4300
4307
4309
4314
4315
4316
4317
4320
4322
4324
4325
4326
4333
4334
4337
4338
4340
4342
4347
4348
4363
4372
4376
4384
4389
4391
4394
4397
4398
4399
4401
4402
4403
4404
4407
4410
4414
4415
4417
4418
4419
4420
4423
4430
4432
4436
4437
4445
4450
4452
4455
4456
4458
4462
4465
4469
4474
4480
4483
4484
4489
4498
4504
4508
4510
4512
4513
4515
4517
4522
4524
4530
4533
4537
4539
4544
4545
4547
4551
4554
4555
4559
4562
4574
4575
4578
4582
4585
4586
4587
4588
4589
4591
4594
4597
4601
4606
4608
4612
4614
4615
4619
4621
4624
4628
4633
4638
4640
4643
4644
4649
4650
4653
4655
4656
4660
4661
4662
4663
4666
4667
4672
4679
4682
4690
4699
4700
4703
4705
4709
4725
4729
4730
4732
4733
4734
4735
4736
4739
4740
4741
4743
4744
4745
4748
4749
4750
4753
4755
4758
4760
4766
4768
4770
4771
4772
4773
4774
4775
4782
4783
4784
4788
4791
4793
4795
4796
4797
4800
4805
4814
4817
4819
4824
4825
4826
4830
4831
4835
4836
4838
4840
4841
4843
4844
4848
4850
4855
4860
4864
4865
4867
4869
4870
4874
4877
4879
4883
4885
4897
4898
4901
4905
4908
4910
4912
4913
4914
4915
4918
4920
4924
4925
4927
4928
4930
4939
4943
4945
4946
4948
4950
4952
4953
4954
4959
4966
4972
4978
4984
4986
4988
4989
4991
4995
5000
5001
5003
5004
5005
5007
5009
5014
5017
5019
5022
5023
5028
5029
5030
5031
5032
5033
5034
5035
5039
5040
5044
5047
5049
